# Created by Octave 4.4.0, Tue Mar 26 22:21:13 2019 GMT <unknown@Deucalion>
# name: pltlist
# type: matrix
# rows: 5
# columns: 2
 1.9436419140816952e-010 1
 1.8816215252570601e-010 10
 1.3414658273092073e-010 100
 1.2405854121766424e-011 1000
 8.3547613272116905e-011 10000


