# Created by Octave 4.4.0, Tue May 14 20:02:01 2019 GMT <unknown@Deucalion>
# name: mesh_vals
# type: matrix
# ndims: 4
 5 5 5 5
 0
 0
 3.4219371797089431e-016
 0
 0.0029052582109872715
 1.5027452550130453e-013
 0.06659782492334837
 1.8241755161187843e-006
 7.7073130359422546e-009
 7.9545120088949173e-005
 3.3864588099261853e-011
 0.13368846589706576
 0.063132361855791116
 0.14963681868765041
 1.0183364363566216
 0.16625169336347456
 3.8956806801599409e-015
 7.8204024837373606e-008
 0.059276052303403527
 3.221174418883089e-008
 3.0936587782884349e-009
 1.2632874577314276e-007
 0.0061575976237304804
 0
 0.00025156268832629027
 0
 0
 0
 0
 0
 2.2303552303070005e-015
 0
 0
 1.5737978274965496e-012
 7.133083582481323e-015
 2.2880898400154564e-007
 2.8084628202287447e-006
 7.3860539165266931e-013
 0
 6.6029925208067104e-014
 4.1002034904312521e-008
 0
 1.0086287962346332e-014
 7.7891909731172334e-008
 0.026077752058100666
 1.6664424572219793e-007
 0.18760816180525391
 0
 1.7554167342883506e-016
 0
 1.1336029686506719e-015
 1.685565737062797e-015
 1.3389899927748317
 7.3750057531488177e-010
 0
 0
 0
 0.00017090719679158022
 2.0367526055221868e-007
 0
 0
 0
 0
 0.02964719693095744
 2.0590145858249349e-008
 5.1443931755658335e-015
 0.60228260463813488
 6.7088734374952779e-016
 0
 0
 0
 0.44320818093594427
 0.086820635218853762
 0
 1.8947119613117471e-015
 0
 0
 7.3749156367754039e-010
 0
 0
 1.0494259814056591e-015
 0
 4.3866039900815086e-014
 0
 0
 3.0414071387809044e-014
 8.0803760347319299e-014
 5.1390839127819115e-007
 5.4007782207963374e-007
 1.0700759904170818e-012
 3.2892699263794348e-015
 0
 4.1017162180520781e-008
 0.16625169330373338
 0.0041148526488696043
 0
 0
 0.075442692454740279
 9.8239661714696057e-006
 0
 0.0029052582110390278
 0
 0
 0
 0
 1.1620043358655491e-014
 2.6936096996389347e-007
 4.0608835428777941e-016
 3.838561973238955e-010
 0.041515440059167248
 0.0048440795813286652
 0.12167790112872273
 0.74248034053157808
 0.28037304340586744
 0.04844580121661813
 0.0041148604021527535
 0
 0.026077752043071341
 3.2212200822369044e-008
 0.066290924369435983
 0
 5.8012318019137253e-010
 5.3468526151123693e-006
 1.0057327710640516e-015
 6.1995302540892802e-005
 1.5095700312255085e-013
 1.7582669725415395e-015
 0
 2.40217501815257e-014
 2.5619463793123575e-015
 0
 5.5538249671354266e-017
 1.2059600291607591
 1.0624699048832242
 0
 0.012348259953239394
 0.032528694546246774
 0.0052804391617145823
 1.3094717371409188
 0.0011989592853771994
 5.3980807751102363e-007
 0.029647196929344609
 0
 0.14963681868673712
 0.28037304327905277
 0.0010904031511333307
 0.94414820489490736
 0.83780314230762132
 1.2708331397711938e-005
 0
 0.06659782492349442
 0
 0
 0
 2.6936096412287306e-007
 1.1443916996305594e-016
 0
 2.9910638018661105e-014
 0.1910641969722093
 0.036657362118418753
 0.075963158519695581
 0.12003536455336662
 0.016636854499187202
 0.005280439149044627
 0.33325443007864164
 5.0388648553804565e-007
 0
 1.0264538739728352e-013
 0.063132362060485114
 0.74248034029656007
 1.1075867658106707e-008
 1.0601898559699099
 1.1477164290317019
 1.5456589312566771e-006
 0
 1.8241755125651547e-006
 0
 0.00017090719679183365
 2.3098670302268957e-014
 1.3700582002412926e-015
 1.2059600291606369
 3.1855001099349231e-014
 0
 4.1366051745231518e-015
 0.043479003692278077
 0.0012434487173876006
 0.0059214901567469971
 0.12003536459705201
 0.032528694550257808
 0.13251390819992731
 3.1031676915590914e-017
 0
 2.8256681592057504e-006
 0.13368847758891086
 0.12167764097458149
 0.040038659589593066
 1.1950453841198958
 0.86852213076326368
 1.0133851916083793e-007
 0
 7.7073157738944451e-009
 1.5692239893531056e-012
 2.0367526850857136e-007
 0
 3.8386567712270278e-010
 1.0624699048829436
 0.19106419697206989
 0
 0
 4.1987361112526993e-015
 0.028576909132650853
 0.0012434487173955456
 0.075963158513773749
 0.012348259945122992
 0.14472871587062788
 6.2822133494996691e-015
 0
 1.5229128385419723e-009
 1.7440671999828228e-011
 0.0048440795779947712
 4.924361289588923e-009
 0.74111311170148197
 1.2720287738930767
 2.2234826182744372e-006
 1.0742743462102412e-015
 7.9545120106666771e-005
 6.6804586202504207e-015
 0
 0
 0.041515440059160441
 3.5713402325603858e-016
 0.036657362118303088
 0.043479003692293648
 5.010558904084739e-016
 0
 0.14472871585347483
 0.13251390820270606
 0.33325442999053129
 0.0011989592829999504
 0.030435811164620435
 5.7432707938742765e-012
 2.0422675671765964e-008
 3.3451010635163847e-014
 1.0183364357516593
 0.048445801249397499
 0.00015569577199967953
 1.0667761121731429
 1.0803575526780778
 9.8530203928797853e-011
 0
 3.3856619026796748e-011
 2.2880939142601107e-007
 0
 3.1057720958292712e-014
 0.0048440795813098044
 0.012348259953193365
 0.075963158519700313
 0.0012434487173897592
 0.028576909132682966
 0.14472871585352701
 0
 4.8710837515742581e-016
 0.19106419697139662
 1.0624699048094777
 0
 0
 2.0266702659513958e-007
 9.7033714756630756e-010
 8.1998298665249049e-009
 5.7350047383284989e-011
 2.2243126380021366e-006
 1.2720287738975895
 0.74111311170417338
 5.3876741449266734e-009
 0
 0.13368846589727759
 2.808462830176724e-006
 0
 7.930968628725288e-014
 0.12167790112870963
 0.032528694545988397
 0.12003536455365113
 0.0059214901567353657
 0.0012434487173957891
 0.13251390820271436
 1.0835344452754878e-015
 0
 7.5503328637790646e-016
 1.2059600289152612
 0.04347900369238606
 7.6968568318081228e-016
 0.00017090727440393207
 0
 1.8240742511103971e-006
 7.8712874620952173e-016
 1.0136890763241769e-007
 0.86852213076395646
 1.1950453841106423
 0.040038659589272697
 0
 0.063132361855988375
 7.2531448632337428e-013
 0
 5.139084456203124e-007
 0.7424803405317103
 0.0052804391617115145
 0.016636854499189883
 0.12003536459690993
 0.075963158513834173
 0.33325442999076976
 0.19106419697148211
 8.6888695363654549e-016
 0
 5.4248639986685222e-014
 0.036657362118427878
 0
 0
 0
 0.066597824938765635
 2.693104693105753e-007
 1.5456680620290959e-006
 1.1477164290311324
 1.060189855970147
 1.2322133274445887e-007
 0
 0.14963681868761936
 0
 0.029647196930959338
 5.4007780396469702e-007
 0.28037304340593011
 1.3094717371414775
 0.0052804391489992717
 0.032528694550123478
 0.012348259945151183
 0.0011989592830592077
 1.0624699048091115
 1.2059600289152106
 5.420465704408592e-014
 0
 0
 1.807416572887903e-014
 0
 5.5859949140666677e-015
 1.6247729337615698e-013
 9.0121555911379316e-016
 1.2708317821971805e-005
 0.83780314230720221
 0.94414820489652718
 0.001090410074149579
 0
 1.0183364363572267
 6.9100826440443188e-014
 2.0589801379530566e-008
 1.0716021029737801e-012
 0.048445801216713089
 0.0011989592853434848
 0.33325443007845135
 0.13251390820004705
 0.14472871587075969
 0.030435811164612036
 0
 0.043479003692376769
 0.03665736211829583
 0
 0
 0
 0
 5.0169761284290038e-012
 7.9545277403252873e-005
 0.041515440071514968
 2.2600351336891621e-015
 1.0803575526776921
 1.0667761121710202
 0.00015569576942488776
 0
 0.16625169336343273
 4.1002032771539927e-008
 8.5635284596024812e-015
 9.4739079433201544e-015
 0.0041148604021295733
 5.3980806301372736e-007
 5.0388649188543379e-007
 2.8609792490763985e-016
 2.6671259656323418e-014
 5.7428898558261444e-012
 9.0162909753725907e-016
 0
 0
 1.5302285948264214e-014
 0
 0
 6.5251170338346324e-011
 0
 0
 0
 1.1328049325449399e-005
 0.075442692452042687
 0
 0
 0
 0
 0
 0.60228260463786643
 0
 0
 0.029647196929348498
 5.0649172608481949e-016
 0
 0
 2.0422725394245647e-008
 2.0266702362961055e-007
 0.00017090727441417732
 0
 6.7759995479775304e-016
 0
 6.5251260646182972e-011
 1.3389899927740907
 0
