# Created by Octave 4.4.0, Tue May 14 20:54:11 2019 GMT <unknown@Deucalion>
# name: mesh_vals
# type: matrix
# ndims: 4
 8 8 8 8
 0
 0
 3.4430242219382831e-012
 0.33705674446718131
 0.041150728781369106
 0
 0
 0
 0
 0
 0
 0
 0
 0.0037326825497846698
 0
 0
 0
 0
 0
 0.0010204370385647934
 0
 0
 0
 0
 0
 7.2645307440593156e-012
 1.8734628042477673e-015
 1.0633361259197564e-007
 0
 1.3971073020377051e-014
 4.7146094932838248e-015
 0.77655447213691564
 1.0466180340021505e-005
 2.7779179502341193e-015
 0.0075271209515994199
 0.0017231672374218585
 7.4142333007312831e-016
 1.9199557061445896e-015
 9.4490392258775901e-014
 5.4068114066381969e-005
 2.2383776768251393e-011
 0.011479174989766248
 6.3807756735149803e-010
 1.1774899621089068
 0.01456927016838431
 0.041680167638458915
 0.00040192363338226248
 0.0012471004279042597
 0
 2.4623429217820315e-010
 2.99911763468093e-010
 0.23459693615493729
 0
 0
 8.9782868276745038e-014
 0.13023626341985356
 0
 0
 0.59552190668875871
 0.0069531972470816359
 0.59871049860483716
 0
 0
 0
 0
 0
 0
 0
 0
 0
 6.4937922483158278e-014
 0
 0
 0
 0
 0
 0
 0
 0
 1.4905545222651586e-015
 0
 0
 3.2935706791818919e-015
 0
 0
 0
 0
 8.5638433125709367e-016
 0
 0
 0
 0
 0
 0
 0
 0
 0
 0
 0
 0
 0
 0
 0
 0
 8.653643805492883e-011
 0
 0
 0
 0
 0
 0
 0
 4.6111025347562034e-016
 0
 0
 0
 0
 0.0020849903847004487
 0
 0
 2.1220814625707581e-013
 0
 0
 0
 0
 0
 0
 0
 3.487305586150878e-012
 0
 0.0038428324453826765
 0.71473414317340578
 0.14670088385806118
 0
 0
 3.4446842945745824e-012
 0.067777267988178944
 2.1140540286775024e-014
 0
 2.2847407995803733e-015
 0
 0
 0
 0
 1.6473742770519325e-009
 2.8031333659859361e-005
 2.1789066740124867e-012
 5.2764402753074486e-016
 3.7749895245657303e-006
 0
 0
 0.016450138264076826
 0
 0
 0
 0.020510193145780474
 0
 0
 0
 0.18871613767491974
 0
 3.6586260289964045e-007
 2.2870908171769737e-006
 0
 1.2385088895058338
 2.0999600301281662e-007
 1.8598838278251473e-008
 0
 0
 7.4540645889052873e-016
 0
 0
 7.2590387639475611e-010
 5.1881075417743354e-014
 7.1482232691164731e-010
 1.9585665686402973e-015
 0
 0
 0
 5.2024678074407285e-015
 0
 0
 0
 5.0898761517270087e-015
 0
 3.6297332677880701e-005
 0.080969417749919712
 0.16195311452128797
 0.91110954532565402
 0
 0
 0
 0.33705674446716477
 0
 0.71473414317333861
 0.0054890295896091257
 0.0094262733155667348
 0.073048000690935588
 0
 0.04160048098286958
 0
 0.011664958083546333
 6.3653619632809965e-010
 0
 0.26040705064734765
 3.7097068631649903e-015
 2.498523733993729e-014
 0.014395715068430508
 5.2308918111563641e-015
 8.5601867917582218e-010
 0
 0.85763282945186048
 5.5505358518194709e-013
 1.2122656606009598e-009
 0.91067337814192861
 0.14434481442835639
 0
 0.027713408477795926
 0
 0.050461876108161316
 8.5372677692361953e-015
 0.00093118362640280769
 0
 0.028090142408110447
 0.001424507291896613
 1.6610065603673348e-015
 4.7251060449489646e-012
 0.89568306481025006
 0.99342188645316964
 0.76043448005025427
 1.1974856219252288
 1.0308564198008128
 6.4137806904431795e-012
 4.3958207786516974e-015
 0
 3.7409446927619024e-008
 1.4005123247874061e-010
 0.90036977549046049
 0.054711286254273572
 0.82680755484435708
 0
 0
 0.067567556107953022
 0
 1.6401643046719713e-015
 0
 0.23459693626359007
 6.9553644034488677e-010
 0
 1.0542728774000754
 0.19585454975543989
 0.8304153540135496
 0.89408835687169463
 0.00043709793532360715
 0
 0
 0.041150728781548657
 0
 0.14670088385798624
 0.0094262733156426463
 0.016621238184037882
 0.87116640617224672
 1.5060207043818653e-014
 0.76182707283792783
 2.2901293466866277e-015
 0.004825557141308493
 1.9204603808223103e-008
 1.2862071025468442e-008
 0.030662452225927853
 7.1254703815894503e-016
 1.4280270338082968e-009
 0.00080312404558373829
 1.5770695411408168e-014
 3.472819350082391e-015
 0.24229070099477701
 1.1162215601314416
 2.1691507883660579e-010
 0.00093886688071247192
 0.99215869317169536
 1.9510017791091153e-015
 0
 0.019257554990471094
 0
 0.086822470268465235
 0
 0.01682300311119183
 0
 0.15025402122032039
 0.7306144729277485
 2.6168790928599543e-015
 3.0094970801447537e-014
 0.02129990139214108
 0.85373072785249082
 1.2928317817113542
 0.66716194100566828
 0.12594758957441099
 0
 9.2236452210883194e-009
 0
 1.0660453750117863e-014
 2.3000420357634338e-010
 0.95133043730103439
 0.072001545633742808
 1.0542684062330756
 0
 0
 4.8750436659969458e-016
 0.067567556105723653
 0
 0
 8.3258554589775406e-011
 5.5959477278494317e-008
 0
 0.0012014943833019078
 1.2392966636478413
 0.76202465993264001
 0.29938176382942272
 1.1654951242311986
 0
 0
 0
 0
 0
 0.073048000690959403
 0.87116640617245
 0.0072195458360335271
 0
 0
 3.2551729320504187e-009
 0
 3.0284423691693624e-008
 0
 2.6484404576010981e-015
 3.9071974537179049e-012
 0
 2.5292625216210046e-015
 6.4541990301561292e-007
 7.6932393397784127e-013
 4.1554597732469441e-007
 0
 0
 0
 4.6951870521508968e-012
 3.0742686221668505e-009
 0
 0
 0
 1.0979637996562965
 0
 1.1646066242788656e-012
 5.9045420811046166e-015
 0.030102255188081482
 0
 4.7303303451469654e-007
 2.1460569958433934e-007
 0
 1.2663440105384067e-011
 1.0955228085075651e-010
 0.043019311270650014
 0.025421311167691391
 3.1037160871942069e-008
 2.0265069048432547e-014
 0
 0
 0
 0
 3.2381811325318094e-007
 0
 0
 0
 0
 0
 0
 0
 3.6645149221959517e-013
 0
 0
 0
 0.23526234782890454
 0.076629075006137123
 0.63369254666883812
 0.038291620636263242
 0
 0
 0
 5.6942898841211145e-014
 0
 0
 1.6870641642018606e-014
 0
 0
 0
 0
 0
 0
 0
 0
 0
 0
 0
 0
 0
 0
 0
 0
 0
 0
 0
 0
 0
 0
 0
 0
 0
 0
 0
 0
 0
 0
 0
 0
 1.8765881453517514e-011
 0
 0
 0
 0
 0
 1.4000266984494535e-014
 9.3109376063800537e-010
 0
 0
 4.6251536475926838e-009
 0.006694249206859724
 0
 0
 0
 0
 0
 4.501498789729707e-016
 7.7854394549356873e-014
 0
 0
 0
 0
 0
 0
 6.8719563181809707e-011
 0
 0
 0
 3.4490669368721043e-012
 0.041600480982952222
 0.76182707283814044
 0
 0
 0
 0
 0
 0
 0.0014972433517203337
 0
 0
 0
 0
 9.547474234992618e-016
 0
 0
 0
 0
 0
 0.0029842112177396888
 0
 4.6365105455773878e-015
 3.8709894011735662e-006
 5.09406392275189e-012
 0.48401130719881236
 0
 1.5206465275660187e-014
 0
 1.1799331297512294e-006
 8.6679648445134476e-005
 0.013182265480179369
 5.6137538618335763e-016
 6.9058598640599965e-006
 3.5983902237117456e-015
 2.9593223283579025e-015
 0
 3.9854244272184625e-011
 0.020893381331937824
 0.6272841158474356
 6.1878773582483043e-008
 0.0055759061690627883
 0.0018183172819424276
 0.00069500051024913166
 0.068013593551604926
 0.029832907131661944
 4.3685072981149034e-012
 0
 5.584446204802814e-008
 1.420567010679365e-010
 1.6686597179053609e-015
 5.5150021438559232e-015
 0.13023626343418704
 7.9841617683540065e-013
 0
 0
 0.62318788763227295
 0.01953936950157795
 0.38802436303763127
 0
 0
 0
 0
 0
 0.067777267988168716
 0
 6.2063353831181828e-016
 3.2551837443345749e-009
 0
 0
 0
 0
 2.7694793740922076e-015
 0
 0
 0
 0
 0
 0.011863324521794994
 0.025768518649713332
 0.00048620796486750225
 6.0601578917085993e-008
 1.0027602026230279e-015
 1.9196770360408648e-007
 8.4286315869080784e-010
 2.7472078507671514e-008
 0
 0.010429967714372554
 0
 1.3398639251810348e-005
 2.0439720169151212e-014
 3.2957919968262575e-016
 0
 2.4450502266189195e-005
 0
 0.00079783413668855488
 0.010372725190702379
 0
 0
 2.8964961248758836e-014
 8.4380917458877276e-015
 0
 0
 0.016493161929331458
 1.4094057835662144
 0.0089457796269991514
 0
 0.06935590826938505
 0.15388772847656207
