# Created by Octave 4.4.0, Mon May 13 14:08:34 2019 GMT <unknown@Deucalion>
# name: mesh_vals
# type: matrix
# ndims: 4
 3 3 3 3
 0
 2.1518591551672676e-011
 0.0026155388934009532
 2.1616965495451395e-015
 0.022494831951435451
 0.16775518759486227
 1.3086990638682261
 1.260843949316403
 2.9524973176588537e-016
 2.1512847041599948e-011
 0
 6.5994846863868131e-009
 1.376460912791921
 5.2633236951631623e-015
 2.2475161975253573e-015
 0.91295788938814082
 0.65478529167156618
 0
 0.0026155388934515651
 6.5994832388498686e-009
 0
 6.0841082773996282e-016
 0.16775518759806268
 0.022367997133859518
 1.2702122420075113
 1.3012023076356702
 0
 1.315702847250798e-015
 1.3764609127919913
 0
 0
 4.4612528036832561e-012
 6.6263291837596602e-009
 0.65478529165748411
 0.91295788938527234
 0
 0.022494831951431142
 1.0021146636198613e-014
 0.16775518759791716
 4.4575165814344072e-012
 0
 0.0026155388934193274
 1.260843949312507
 1.3086990638324452
 2.9206149818042912e-015
 0.16775518759447733
 2.4944527384431006e-015
 0.022367997133854921
 6.6263270278936446e-009
 0.0026155388934380832
 0
 1.3012023076408541
 1.2702122420101232
 0
 1.3086990638681861
 0.91295788938815947
 1.2702122420075215
 0.65478529165753918
 1.2608439493127674
 1.3012023076408086
 0.029244005306816465
 3.9274407598858446e-013
 0
 1.2608439493164019
 0.65478529167153066
 1.3012023076357282
 0.91295788938523881
 1.3086990638322396
 1.2702122420101392
 4.4561290904120901e-013
 0.029244005306833732
 0
 0
 0
 0
 0
 7.4194267053087163e-016
 0
 0
 0
 3.2487068343022352e-015


